1,1,2-0-1-3-2,25,25
1,2,2-0-1-3-2,25,25
1,3,0-2-1-3-0,31,25
2,1,0-1-3-2-0,25,25
2,2,2-3-0-1-2,18,18
2,3,1-0-2-3-1,25,18
3,1,2-3-0-1-2,18,18
3,2,3-2-0-1-3,25,18
3,3,1-0-2-3-1,25,18
4,1,3-2-0-1-3,25,18
4,2,0-1-3-2-0,25,18
4,3,3-0-1-2-3,18,18
5,1,0-1-2-3-0,18,18
5,2,2-3-1-0-2,25,18
5,3,3-2-0-1-3,25,18
6,1,3-2-0-1-3,25,18
6,2,1-0-2-3-1,25,18
6,3,2-1-0-3-2,18,18
7,1,3-1-0-2-3,25,18
7,2,1-0-2-3-1,25,18
7,3,3-2-0-1-3,25,18
8,1,0-1-3-2-0,25,18
8,2,2-0-1-3-2,25,18
8,3,2-3-0-1-2,18,18
9,1,1-0-3-2-1,18,18
9,2,2-0-1-3-2,25,18
9,3,1-0-2-3-1,25,18
10,1,3-2-1-0-3,18,18
10,2,3-2-1-0-3,18,18
10,3,1-0-2-3-1,25,18
